initial_pose_x: -0.00259136
initial_pose_y: -0.0122142
initial_pose_a: 0.00623778
