initial_pose_x: 0.545497
initial_pose_y: -0.284719
initial_pose_a: 0.112925
